v -0.122634 1.200004 0.735001
v -0.12516 1.221538 0.722847
v -0.275446 1.200004 0.750001
v -0.127806 1.236918 0.710119
v -0.275446 1.221538 0.737599
v -0.130334 1.246148 0.697965
v -0.275446 1.236918 0.724611
v -0.132502 1.249224 0.687533
v -0.275446 1.246148 0.712209
v -0.134074 1.246148 0.679973
v -0.275446 1.246148 0.693849
v -0.13481 1.236918 0.676431
v -0.275446 1.236918 0.690237
v -0.134472 1.221538 0.678059
v -0.132822 1.200004 0.686001
v -0.275446 1.221538 0.691897
v 0.014062 1.221538 0.680435
v 0.01893 1.200004 0.691877
v 0.008964 1.236918 0.668453
v 0.004096 1.246148 0.657013
v -8.2e-005 1.249224 0.647193
v -0.00311 1.246148 0.640077
v -0.00453 1.236918 0.636743
v -0.003878 1.221538 0.638275
v -0.000696 1.200004 0.645751
v 0.14643 1.200004 0.623439
v 0.139452 1.221538 0.613129
v 0.132146 1.236918 0.602333
v 0.12517 1.246148 0.592023
v 0.119182 1.249224 0.583175
v 0.114844 1.246148 0.576763
v 0.11281 1.236918 0.573759
v 0.113744 1.221538 0.575139
v 0.118304 1.200004 0.581877
v 0.257054 1.200004 0.532501
v 0.248248 1.221538 0.523695
v 0.239026 1.236918 0.514475
v 0.23022 1.246148 0.505669
v 0.222664 1.249224 0.498111
v 0.217186 1.246148 0.492633
v 0.21462 1.236918 0.490069
v 0.2158 1.221538 0.491247
v 0.221554 1.200004 0.497001
v 0.347992 1.200004 0.421877
v 0.337682 1.221538 0.414901
v 0.326886 1.236918 0.407595
v 0.316576 1.246148 0.400619
v 0.307728 1.249224 0.394631
v 0.301314 1.246148 0.390291
v 0.298312 1.236918 0.388259
v 0.299692 1.221538 0.389193
v 0.306428 1.200004 0.393751
v 0.416428 1.200004 0.294377
v 0.404988 1.221538 0.289509
v 0.393006 1.236918 0.284411
v 0.381564 1.246148 0.279543
v 0.371746 1.249224 0.275365
v 0.364628 1.246148 0.272337
v 0.361296 1.236918 0.270919
v 0.362826 1.221538 0.271571
v 0.370304 1.200004 0.274751
v 0.459554 1.200004 0.152815
v 0.4474 1.221538 0.150287
v 0.434672 1.236918 0.147641
v 0.422516 1.246148 0.145113
v 0.412086 1.249224 0.142945
v 0.404524 1.246148 0.141373
v 0.400984 1.236918 0.140637
v 0.40261 1.221538 0.140975
v 0.410554 1.200004 0.142627
v 0.474554 1.200004 1e-006
v 0.462152 1.221538 1e-006
v 0.449164 1.236918 1e-006
v 0.436762 1.246148 1e-006
v 0.426116 1.249224 1e-006
v 0.418402 1.246148 1e-006
v 0.414788 1.236918 1e-006
v 0.416448 1.221538 1e-006
v 0.424554 1.200004 1e-006
v -1.010446 1.200004 0.152815
v -0.998292 1.221538 0.150287
v -1.013044 1.221538 1e-006
v -0.985564 1.236918 0.147641
v -1.000056 1.236918 1e-006
v -0.973408 1.246148 0.145113
v -0.987654 1.246148 1e-006
v -0.962978 1.249224 0.142945
v -0.977008 1.249224 1e-006
v -0.955416 1.246148 0.141373
v -0.951876 1.236918 0.140637
v -0.969294 1.246148 1e-006
v -0.953502 1.221538 0.140975
v -0.96734 1.221538 1e-006
v -0.961446 1.200004 0.142627
v -0.975446 1.200004 1e-006
v -0.96732 1.200004 0.294377
v -0.95588 1.221538 0.289509
v -0.943898 1.236918 0.284411
v -0.932456 1.246148 0.279543
v -0.922638 1.249224 0.275365
v -0.91552 1.246148 0.272337
v -0.912188 1.236918 0.270919
v -0.913718 1.221538 0.271571
v -0.921196 1.200004 0.274751
v -0.898884 1.200004 0.421877
v -0.888574 1.221538 0.414901
v -0.877778 1.236918 0.407595
v -0.867468 1.246148 0.400619
v -0.85862 1.249224 0.394631
v -0.852206 1.246148 0.390291
v -0.849204 1.236918 0.388259
v -0.850584 1.221538 0.389193
v -0.85732 1.200004 0.393751
v -0.807946 1.200004 0.532501
v -0.79914 1.221538 0.523695
v -0.789918 1.236918 0.514475
v -0.781112 1.246148 0.505669
v -0.773556 1.249224 0.498111
v -0.768078 1.246148 0.492633
v -0.765512 1.236918 0.490069
v -0.766692 1.221538 0.491247
v -0.772446 1.200004 0.497001
v -0.69732 1.200004 0.623439
v -0.690344 1.221538 0.613129
v -0.683038 1.236918 0.602333
v -0.676062 1.246148 0.592023
v -0.670074 1.249224 0.583175
v -0.665736 1.246148 0.576763
v -0.663702 1.236918 0.573759
v -0.664636 1.221538 0.575139
v -0.669196 1.200004 0.581877
v -0.569822 1.200004 0.691877
v -0.564954 1.221538 0.680435
v -0.559856 1.236918 0.668453
v -0.554988 1.246148 0.657013
v -0.55081 1.249224 0.647193
v -0.547782 1.246148 0.640077
v -0.546362 1.236918 0.636743
v -0.547014 1.221538 0.638275
v -0.550196 1.200004 0.645751
v -0.428258 1.200004 0.735001
v -0.425732 1.221538 0.722847
v -0.423086 1.236918 0.710119
v -0.420558 1.246148 0.697965
v -0.41839 1.249224 0.687533
v -0.416818 1.246148 0.679973
v -0.416082 1.236918 0.676431
v -0.41642 1.221538 0.678059
v -0.41807 1.200004 0.686001
v -0.275446 1.249224 0.701565
v -0.275446 1.200004 0.700001
v -0.428258 1.200004 -0.734999
v -0.425732 1.221538 -0.722845
v -0.275446 1.221538 -0.737597
v -0.423086 1.236918 -0.710115
v -0.275446 1.236918 -0.724607
v -0.420558 1.246148 -0.697961
v -0.275446 1.246148 -0.712205
v -0.41839 1.249224 -0.687529
v -0.275446 1.249224 -0.701561
v -0.416818 1.246148 -0.679969
v -0.416082 1.236918 -0.676429
v -0.275446 1.246148 -0.693847
v -0.41642 1.221538 -0.678055
v -0.275446 1.221538 -0.691893
v -0.41807 1.200004 -0.685999
v -0.275446 1.200004 -0.699999
v -0.569822 1.200004 -0.691873
v -0.564954 1.221538 -0.680433
v -0.559856 1.236918 -0.668451
v -0.554988 1.246148 -0.657009
v -0.55081 1.249224 -0.647189
v -0.547782 1.246148 -0.640073
v -0.546362 1.236918 -0.636739
v -0.547014 1.221538 -0.638271
v -0.550196 1.200004 -0.645749
v -0.69732 1.200004 -0.623435
v -0.690344 1.221538 -0.613127
v -0.683038 1.236918 -0.602329
v -0.676062 1.246148 -0.592021
v -0.670074 1.249224 -0.583173
v -0.665736 1.246148 -0.576759
v -0.663702 1.236918 -0.573755
v -0.664636 1.221538 -0.575135
v -0.669196 1.200004 -0.581873
v -0.807946 1.200004 -0.532499
v -0.79914 1.221538 -0.523693
v -0.789918 1.236918 -0.514471
v -0.781112 1.246148 -0.505665
v -0.773556 1.249224 -0.498107
v -0.768078 1.246148 -0.492631
v -0.765512 1.236918 -0.490065
v -0.766692 1.221538 -0.491243
v -0.772446 1.200004 -0.496999
v -0.898884 1.200004 -0.421873
v -0.888574 1.221538 -0.414897
v -0.877778 1.236918 -0.407591
v -0.867468 1.246148 -0.400615
v -0.85862 1.249224 -0.394627
v -0.852206 1.246148 -0.390287
v -0.849204 1.236918 -0.388255
v -0.850584 1.221538 -0.389189
v -0.85732 1.200004 -0.393749
v -0.96732 1.200004 -0.294373
v -0.95588 1.221538 -0.289505
v -0.943898 1.236918 -0.284407
v -0.932456 1.246148 -0.279539
v -0.922638 1.249224 -0.275361
v -0.91552 1.246148 -0.272333
v -0.912188 1.236918 -0.270915
v -0.913718 1.221538 -0.271567
v -0.921196 1.200004 -0.274749
v -1.010446 1.200004 -0.152811
v -0.998292 1.221538 -0.150283
v -0.985564 1.236918 -0.147637
v -0.973408 1.246148 -0.145111
v -0.962978 1.249224 -0.142941
v -0.955416 1.246148 -0.141369
v -0.951876 1.236918 -0.140633
v -0.953502 1.221538 -0.140971
v -0.961446 1.200004 -0.142623
v -1.025446 1.200004 1e-006
v -0.96568 1.236918 1e-006
v 0.459554 1.200004 -0.152811
v 0.4474 1.221538 -0.150283
v 0.434672 1.236918 -0.147637
v 0.422516 1.246148 -0.145111
v 0.412086 1.249224 -0.142941
v 0.404524 1.246148 -0.141369
v 0.400984 1.236918 -0.140633
v 0.40261 1.221538 -0.140971
v 0.410554 1.200004 -0.142623
v 0.416428 1.200004 -0.294373
v 0.404988 1.221538 -0.289505
v 0.393006 1.236918 -0.284407
v 0.381564 1.246148 -0.279539
v 0.371746 1.249224 -0.275361
v 0.364628 1.246148 -0.272333
v 0.361296 1.236918 -0.270915
v 0.362826 1.221538 -0.271567
v 0.370304 1.200004 -0.274749
v 0.347992 1.200004 -0.421873
v 0.337682 1.221538 -0.414897
v 0.326886 1.236918 -0.407591
v 0.316576 1.246148 -0.400615
v 0.307728 1.249224 -0.394627
v 0.301314 1.246148 -0.390287
v 0.298312 1.236918 -0.388255
v 0.299692 1.221538 -0.389189
v 0.306428 1.200004 -0.393749
v 0.257054 1.200004 -0.532499
v 0.248248 1.221538 -0.523693
v 0.239026 1.236918 -0.514471
v 0.23022 1.246148 -0.505665
v 0.222664 1.249224 -0.498107
v 0.217186 1.246148 -0.492631
v 0.21462 1.236918 -0.490065
v 0.2158 1.221538 -0.491243
v 0.221554 1.200004 -0.496999
v 0.14643 1.200004 -0.623435
v 0.139452 1.221538 -0.613127
v 0.132146 1.236918 -0.602329
v 0.12517 1.246148 -0.592021
v 0.119182 1.249224 -0.583173
v 0.114844 1.246148 -0.576759
v 0.11281 1.236918 -0.573755
v 0.113744 1.221538 -0.575135
v 0.118304 1.200004 -0.581873
v 0.01893 1.200004 -0.691873
v 0.014062 1.221538 -0.680433
v 0.008964 1.236918 -0.668451
v 0.004096 1.246148 -0.657009
v -8.2e-005 1.249224 -0.647189
v -0.00311 1.246148 -0.640073
v -0.00453 1.236918 -0.636739
v -0.003878 1.221538 -0.638271
v -0.000696 1.200004 -0.645749
v -0.122634 1.200004 -0.734999
v -0.12516 1.221538 -0.722845
v -0.127806 1.236918 -0.710115
v -0.130334 1.246148 -0.697961
v -0.132502 1.249224 -0.687529
v -0.134074 1.246148 -0.679969
v -0.13481 1.236918 -0.676429
v -0.134472 1.221538 -0.678055
v -0.132822 1.200004 -0.685999
v -0.275446 1.200004 -0.749999
v -0.275446 1.236918 -0.690233
v -0.071696 0.450004 0.980001
v -0.07284 0.536064 0.974499
v -0.275446 0.450004 1.000001
v -0.076074 0.6252 0.958947
v -0.275446 0.536064 0.994387
v -0.081098 0.716972 0.934781
v -0.275446 0.6252 0.978517
v -0.087614 0.810942 0.903439
v -0.275446 0.716972 0.953859
v -0.095324 0.90667 0.866355
v -0.275446 0.810942 0.921877
v -0.10393 1.003716 0.824963
v -0.275446 0.90667 0.884035
v -0.113132 1.10164 0.780699
v -0.275446 1.003716 0.841799
v -0.275446 1.10164 0.796633
v 0.117054 0.450004 0.922501
v 0.11485 0.536064 0.917321
v 0.108622 0.6252 0.902683
v 0.098944 0.716972 0.879935
v 0.08639 0.810942 0.850431
v 0.071538 0.90667 0.815523
v 0.05496 1.003716 0.776559
v 0.037232 1.10164 0.734893
v 0.287054 0.450004 0.831251
v 0.283896 0.536064 0.826583
v 0.27497 0.6252 0.813393
v 0.261098 0.716972 0.792895
v 0.243108 0.810942 0.766311
v 0.221822 0.90667 0.734855
v 0.198064 1.003716 0.699745
v 0.172658 1.10164 0.662201
v 0.434554 0.450004 0.710001
v 0.430568 0.536064 0.706015
v 0.4193 0.6252 0.694747
v 0.401792 0.716972 0.677241
v 0.379086 0.810942 0.654533
v 0.352218 0.90667 0.627665
v 0.32223 1.003716 0.597677
v 0.290162 1.10164 0.565609
v 0.555804 0.450004 0.562501
v 0.551136 0.536064 0.559343
v 0.537946 0.6252 0.550417
v 0.517448 0.716972 0.536547
v 0.490862 0.810942 0.518557
v 0.459406 0.90667 0.497271
v 0.424298 1.003716 0.473513
v 0.386754 1.10164 0.448107
v 0.647054 0.450004 0.392501
v 0.641874 0.536064 0.390297
v 0.627234 0.6252 0.384069
v 0.604488 0.716972 0.374391
v 0.574984 0.810942 0.361837
v 0.540074 0.90667 0.346985
v 0.501112 1.003716 0.330407
v 0.459446 1.10164 0.312679
v 0.704554 0.450004 0.203751
v 0.699052 0.536064 0.202607
v 0.6835 0.6252 0.199375
v 0.659334 0.716972 0.194351
v 0.627992 0.810942 0.187833
v 0.590906 0.90667 0.180123
v 0.549514 1.003716 0.171517
v 0.505252 1.10164 0.162315
v 0.724554 0.450004 1e-006
v 0.718938 0.536064 1e-006
v 0.70307 0.6252 1e-006
v 0.678412 0.716972 1e-006
v 0.64643 0.810942 1e-006
v 0.608588 0.90667 1e-006
v 0.56635 1.003716 1e-006
v 0.521184 1.10164 1e-006
v -1.255446 0.450004 0.203751
v -1.249944 0.536064 0.202607
v -1.26983 0.536064 1e-006
v -1.234392 0.6252 0.199375
v -1.253962 0.6252 1e-006
v -1.210226 0.716972 0.194351
v -1.229304 0.716972 1e-006
v -1.178884 0.810942 0.187833
v -1.19732 0.810942 1e-006
v -1.141798 0.90667 0.180123
v -1.15948 0.90667 1e-006
v -1.100406 1.003716 0.171517
v -1.117242 1.003716 1e-006
v -1.056144 1.10164 0.162315
v -1.072076 1.10164 1e-006
v -1.197946 0.450004 0.392501
v -1.192766 0.536064 0.390297
v -1.178126 0.6252 0.384069
v -1.15538 0.716972 0.374391
v -1.125876 0.810942 0.361837
v -1.090966 0.90667 0.346985
v -1.052004 1.003716 0.330407
v -1.010338 1.10164 0.312679
v -1.106696 0.450004 0.562501
v -1.102028 0.536064 0.559343
v -1.088838 0.6252 0.550417
v -1.06834 0.716972 0.536547
v -1.041754 0.810942 0.518557
v -1.010298 0.90667 0.497271
v -0.97519 1.003716 0.473513
v -0.937646 1.10164 0.448107
v -0.985446 0.450004 0.710001
v -0.98146 0.536064 0.706015
v -0.970192 0.6252 0.694747
v -0.952684 0.716972 0.677241
v -0.929978 0.810942 0.654533
v -0.90311 0.90667 0.627665
v -0.873122 1.003716 0.597677
v -0.841054 1.10164 0.565609
v -0.837946 0.450004 0.831251
v -0.834788 0.536064 0.826583
v -0.825862 0.6252 0.813393
v -0.81199 0.716972 0.792895
v -0.794 0.810942 0.766311
v -0.772714 0.90667 0.734855
v -0.748956 1.003716 0.699745
v -0.72355 1.10164 0.662201
v -0.667946 0.450004 0.922501
v -0.665742 0.536064 0.917321
v -0.659514 0.6252 0.902683
v -0.649836 0.716972 0.879935
v -0.637282 0.810942 0.850431
v -0.62243 0.90667 0.815523
v -0.605852 1.003716 0.776559
v -0.588124 1.10164 0.734893
v -0.479196 0.450004 0.980001
v -0.478052 0.536064 0.974499
v -0.474818 0.6252 0.958947
v -0.469794 0.716972 0.934781
v -0.463278 0.810942 0.903439
v -0.455568 0.90667 0.866355
v -0.446962 1.003716 0.824963
v -0.43776 1.10164 0.780699
v -0.479196 0.450004 -0.979999
v -0.478052 0.536064 -0.974495
v -0.275446 0.536064 -0.994383
v -0.474818 0.6252 -0.958943
v -0.275446 0.6252 -0.978515
v -0.469794 0.716972 -0.934779
v -0.275446 0.716972 -0.953855
v -0.463278 0.810942 -0.903435
v -0.275446 0.810942 -0.921873
v -0.455568 0.90667 -0.866351
v -0.275446 0.90667 -0.884031
v -0.446962 1.003716 -0.824959
v -0.275446 1.003716 -0.841795
v -0.43776 1.10164 -0.780697
v -0.275446 1.10164 -0.796629
v -0.667946 0.450004 -0.922499
v -0.665742 0.536064 -0.917319
v -0.659514 0.6252 -0.902679
v -0.649836 0.716972 -0.879931
v -0.637282 0.810942 -0.850429
v -0.62243 0.90667 -0.815519
v -0.605852 1.003716 -0.776555
v -0.588124 1.10164 -0.734891
v -0.837946 0.450004 -0.831249
v -0.834788 0.536064 -0.826581
v -0.825862 0.6252 -0.813389
v -0.81199 0.716972 -0.792893
v -0.794 0.810942 -0.766307
v -0.772714 0.90667 -0.734851
v -0.748956 1.003716 -0.699743
v -0.72355 1.10164 -0.662197
v -0.985446 0.450004 -0.709999
v -0.98146 0.536064 -0.706011
v -0.970192 0.6252 -0.694745
v -0.952684 0.716972 -0.677237
v -0.929978 0.810942 -0.654529
v -0.90311 0.90667 -0.627661
v -0.873122 1.003716 -0.597675
v -0.841054 1.10164 -0.565607
v -1.106696 0.450004 -0.562499
v -1.102028 0.536064 -0.559339
v -1.088838 0.6252 -0.550413
v -1.06834 0.716972 -0.536543
v -1.041754 0.810942 -0.518553
v -1.010298 0.90667 -0.497267
v -0.97519 1.003716 -0.473509
v -0.937646 1.10164 -0.448103
v -1.197946 0.450004 -0.392499
v -1.192766 0.536064 -0.390295
v -1.178126 0.6252 -0.384065
v -1.15538 0.716972 -0.374387
v -1.125876 0.810942 -0.361835
v -1.090966 0.90667 -0.346981
v -1.052004 1.003716 -0.330403
v -1.010338 1.10164 -0.312675
v -1.255446 0.450004 -0.203749
v -1.249944 0.536064 -0.202605
v -1.234392 0.6252 -0.199371
v -1.210226 0.716972 -0.194347
v -1.178884 0.810942 -0.187831
v -1.141798 0.90667 -0.180121
v -1.100406 1.003716 -0.171515
v -1.056144 1.10164 -0.162311
v -1.275446 0.450004 1e-006
v 0.704554 0.450004 -0.203749
v 0.699052 0.536064 -0.202605
v 0.6835 0.6252 -0.199371
v 0.659334 0.716972 -0.194347
v 0.627992 0.810942 -0.187831
v 0.590906 0.90667 -0.180121
v 0.549514 1.003716 -0.171515
v 0.505252 1.10164 -0.162311
v 0.647054 0.450004 -0.392499
v 0.641874 0.536064 -0.390295
v 0.627234 0.6252 -0.384065
v 0.604488 0.716972 -0.374387
v 0.574984 0.810942 -0.361835
v 0.540074 0.90667 -0.346981
v 0.501112 1.003716 -0.330403
v 0.459446 1.10164 -0.312675
v 0.555804 0.450004 -0.562499
v 0.551136 0.536064 -0.559339
v 0.537946 0.6252 -0.550413
v 0.517448 0.716972 -0.536543
v 0.490862 0.810942 -0.518553
v 0.459406 0.90667 -0.497267
v 0.424298 1.003716 -0.473509
v 0.386754 1.10164 -0.448103
v 0.434554 0.450004 -0.709999
v 0.430568 0.536064 -0.706011
v 0.4193 0.6252 -0.694745
v 0.401792 0.716972 -0.677237
v 0.379086 0.810942 -0.654529
v 0.352218 0.90667 -0.627661
v 0.32223 1.003716 -0.597675
v 0.290162 1.10164 -0.565607
v 0.287054 0.450004 -0.831249
v 0.283896 0.536064 -0.826581
v 0.27497 0.6252 -0.813389
v 0.261098 0.716972 -0.792893
v 0.243108 0.810942 -0.766307
v 0.221822 0.90667 -0.734851
v 0.198064 1.003716 -0.699743
v 0.172658 1.10164 -0.662197
v 0.117054 0.450004 -0.922499
v 0.11485 0.536064 -0.917319
v 0.108622 0.6252 -0.902679
v 0.098944 0.716972 -0.879931
v 0.08639 0.810942 -0.850429
v 0.071538 0.90667 -0.815519
v 0.05496 1.003716 -0.776555
v 0.037232 1.10164 -0.734891
v -0.071696 0.450004 -0.979999
v -0.07284 0.536064 -0.974495
v -0.076074 0.6252 -0.958943
v -0.081098 0.716972 -0.934779
v -0.087614 0.810942 -0.903435
v -0.095324 0.90667 -0.866351
v -0.10393 1.003716 -0.824959
v -0.113132 1.10164 -0.780697
v -0.275446 0.450004 -0.999999
v -0.122634 0.075004 0.735001
v -0.120444 0.092656 0.745529
v -0.275446 0.092656 0.760743
v -0.114674 0.117778 0.773283
v -0.275446 0.117778 0.789065
v -0.106516 0.15081 0.812521
v -0.275446 0.15081 0.829103
v -0.097164 0.192192 0.857501
v -0.275446 0.192192 0.875001
v -0.087812 0.242362 0.902483
v -0.275446 0.242362 0.920901
v -0.079654 0.301762 0.941721
v -0.275446 0.301762 0.960939
v -0.073884 0.37083 0.969475
v -0.275446 0.37083 0.989259
v 0.01893 0.075004 0.691877
v 0.023146 0.092656 0.701787
v 0.034262 0.117778 0.727911
v 0.049976 0.15081 0.764847
v 0.067992 0.192192 0.807189
v 0.086006 0.242362 0.849531
v 0.101722 0.301762 0.886467
v 0.112838 0.37083 0.912591
v 0.14643 0.075004 0.623439
v 0.152472 0.092656 0.632369
v 0.168402 0.117778 0.655909
v 0.190924 0.15081 0.689193
v 0.216742 0.192192 0.727345
v 0.24256 0.242362 0.765499
v 0.265082 0.301762 0.798781
v 0.281012 0.37083 0.822323
v 0.257054 0.075004 0.532501
v 0.26468 0.092656 0.540129
v 0.284788 0.117778 0.560237
v 0.313216 0.15081 0.588663
v 0.345804 0.192192 0.621251
v 0.378392 0.242362 0.653839
v 0.40682 0.301762 0.682267
v 0.426928 0.37083 0.702375
v 0.347992 0.075004 0.421877
v 0.35692 0.092656 0.427919
v 0.380462 0.117778 0.443849
v 0.413744 0.15081 0.466371
v 0.451898 0.192192 0.492189
v 0.49005 0.242362 0.518007
v 0.523334 0.301762 0.540529
v 0.546874 0.37083 0.556459
v 0.416428 0.075004 0.294377
v 0.426338 0.092656 0.298593
v 0.452464 0.117778 0.309709
v 0.4894 0.15081 0.325425
v 0.531742 0.192192 0.343439
v 0.574082 0.242362 0.361455
v 0.611018 0.301762 0.377169
v 0.637144 0.37083 0.388285
v 0.459554 0.075004 0.152815
v 0.470082 0.092656 0.155003
v 0.497836 0.117778 0.160773
v 0.537074 0.15081 0.168931
v 0.582054 0.192192 0.178283
v 0.627034 0.242362 0.187635
v 0.666272 0.301762 0.195793
v 0.694026 0.37083 0.201563
v 0.474554 0.075004 1e-006
v 0.485296 0.092656 1e-006
v 0.513616 0.117778 1e-006
v 0.553656 0.15081 1e-006
v 0.599554 0.192192 1e-006
v 0.645452 0.242362 1e-006
v 0.685492 0.301762 1e-006
v 0.713812 0.37083 1e-006
v -1.010446 0.075004 0.152815
v -1.020974 0.092656 0.155003
v -1.025446 0.075004 1e-006
v -1.048728 0.117778 0.160773
v -1.036188 0.092656 1e-006
v -1.087966 0.15081 0.168931
v -1.064508 0.117778 1e-006
v -1.132946 0.192192 0.178283
v -1.104548 0.15081 1e-006
v -1.177926 0.242362 0.187635
v -1.150446 0.192192 1e-006
v -1.217164 0.301762 0.195793
v -1.196344 0.242362 1e-006
v -1.244918 0.37083 0.201563
v -1.236384 0.301762 1e-006
v -1.264704 0.37083 1e-006
v -0.96732 0.075004 0.294377
v -0.97723 0.092656 0.298593
v -1.003356 0.117778 0.309709
v -1.040292 0.15081 0.325425
v -1.082634 0.192192 0.343439
v -1.124974 0.242362 0.361455
v -1.16191 0.301762 0.377169
v -1.188036 0.37083 0.388285
v -0.898884 0.075004 0.421877
v -0.907812 0.092656 0.427919
v -0.931354 0.117778 0.443849
v -0.964636 0.15081 0.466371
v -1.00279 0.192192 0.492189
v -1.040942 0.242362 0.518007
v -1.074226 0.301762 0.540529
v -1.097766 0.37083 0.556459
v -0.807946 0.075004 0.532501
v -0.815572 0.092656 0.540129
v -0.83568 0.117778 0.560237
v -0.864108 0.15081 0.588663
v -0.896696 0.192192 0.621251
v -0.929284 0.242362 0.653839
v -0.957712 0.301762 0.682267
v -0.97782 0.37083 0.702375
v -0.69732 0.075004 0.623439
v -0.703364 0.092656 0.632369
v -0.719294 0.117778 0.655909
v -0.741816 0.15081 0.689193
v -0.767634 0.192192 0.727345
v -0.793452 0.242362 0.765499
v -0.815974 0.301762 0.798781
v -0.831904 0.37083 0.822323
v -0.569822 0.075004 0.691877
v -0.574038 0.092656 0.701787
v -0.585154 0.117778 0.727911
v -0.600868 0.15081 0.764847
v -0.618884 0.192192 0.807189
v -0.636898 0.242362 0.849531
v -0.652614 0.301762 0.886467
v -0.66373 0.37083 0.912591
v -0.428258 0.075004 0.735001
v -0.430448 0.092656 0.745529
v -0.436218 0.117778 0.773283
v -0.444376 0.15081 0.812521
v -0.453728 0.192192 0.857501
v -0.46308 0.242362 0.902483
v -0.471238 0.301762 0.941721
v -0.477008 0.37083 0.969475
v -0.275446 0.075004 0.750001
v -0.428258 0.075004 -0.734999
v -0.430448 0.092656 -0.745525
v -0.275446 0.075004 -0.749999
v -0.436218 0.117778 -0.773279
v -0.275446 0.092656 -0.760741
v -0.444376 0.15081 -0.812517
v -0.275446 0.117778 -0.789061
v -0.453728 0.192192 -0.857499
v -0.275446 0.15081 -0.829099
v -0.46308 0.242362 -0.902479
v -0.275446 0.192192 -0.874999
v -0.471238 0.301762 -0.941717
v -0.275446 0.242362 -0.920897
v -0.477008 0.37083 -0.969471
v -0.275446 0.301762 -0.960935
v -0.275446 0.37083 -0.989257
v -0.569822 0.075004 -0.691873
v -0.574038 0.092656 -0.701783
v -0.585154 0.117778 -0.727909
v -0.600868 0.15081 -0.764845
v -0.618884 0.192192 -0.807185
v -0.636898 0.242362 -0.849527
v -0.652614 0.301762 -0.886463
v -0.66373 0.37083 -0.912589
v -0.69732 0.075004 -0.623435
v -0.703364 0.092656 -0.632365
v -0.719294 0.117778 -0.655907
v -0.741816 0.15081 -0.689189
v -0.767634 0.192192 -0.727343
v -0.793452 0.242362 -0.765495
v -0.815974 0.301762 -0.798777
v -0.831904 0.37083 -0.822319
v -0.807946 0.075004 -0.532499
v -0.815572 0.092656 -0.540125
v -0.83568 0.117778 -0.560233
v -0.864108 0.15081 -0.588661
v -0.896696 0.192192 -0.621249
v -0.929284 0.242362 -0.653837
v -0.957712 0.301762 -0.682265
v -0.97782 0.37083 -0.702371
v -0.898884 0.075004 -0.421873
v -0.907812 0.092656 -0.427915
v -0.931354 0.117778 -0.443847
v -0.964636 0.15081 -0.466369
v -1.00279 0.192192 -0.492185
v -1.040942 0.242362 -0.518003
v -1.074226 0.301762 -0.540525
v -1.097766 0.37083 -0.556455
v -0.96732 0.075004 -0.294373
v -0.97723 0.092656 -0.298589
v -1.003356 0.117778 -0.309705
v -1.040292 0.15081 -0.325421
v -1.082634 0.192192 -0.343435
v -1.124974 0.242362 -0.361451
v -1.16191 0.301762 -0.377167
v -1.188036 0.37083 -0.388283
v -1.010446 0.075004 -0.152811
v -1.020974 0.092656 -0.154999
v -1.048728 0.117778 -0.160769
v -1.087966 0.15081 -0.168927
v -1.132946 0.192192 -0.178279
v -1.177926 0.242362 -0.187631
v -1.217164 0.301762 -0.195789
v -1.244918 0.37083 -0.201559
v 0.459554 0.075004 -0.152811
v 0.470082 0.092656 -0.154999
v 0.497836 0.117778 -0.160769
v 0.537074 0.15081 -0.168927
v 0.582054 0.192192 -0.178279
v 0.627034 0.242362 -0.187631
v 0.666272 0.301762 -0.195789
v 0.694026 0.37083 -0.201559
v 0.416428 0.075004 -0.294373
v 0.426338 0.092656 -0.298589
v 0.452464 0.117778 -0.309705
v 0.4894 0.15081 -0.325421
v 0.531742 0.192192 -0.343435
v 0.574082 0.242362 -0.361451
v 0.611018 0.301762 -0.377167
v 0.637144 0.37083 -0.388283
v 0.347992 0.075004 -0.421873
v 0.35692 0.092656 -0.427915
v 0.380462 0.117778 -0.443847
v 0.413744 0.15081 -0.466369
v 0.451898 0.192192 -0.492185
v 0.49005 0.242362 -0.518003
v 0.523334 0.301762 -0.540525
v 0.546874 0.37083 -0.556455
v 0.257054 0.075004 -0.532499
v 0.26468 0.092656 -0.540125
v 0.284788 0.117778 -0.560233
v 0.313216 0.15081 -0.588661
v 0.345804 0.192192 -0.621249
v 0.378392 0.242362 -0.653837
v 0.40682 0.301762 -0.682265
v 0.426928 0.37083 -0.702371
v 0.14643 0.075004 -0.623435
v 0.152472 0.092656 -0.632365
v 0.168402 0.117778 -0.655907
v 0.190924 0.15081 -0.689189
v 0.216742 0.192192 -0.727343
v 0.24256 0.242362 -0.765495
v 0.265082 0.301762 -0.798777
v 0.281012 0.37083 -0.822319
v 0.01893 0.075004 -0.691873
v 0.023146 0.092656 -0.701783
v 0.034262 0.117778 -0.727909
v 0.049976 0.15081 -0.764845
v 0.067992 0.192192 -0.807185
v 0.086006 0.242362 -0.849527
v 0.101722 0.301762 -0.886463
v 0.112838 0.37083 -0.912589
v -0.122634 0.075004 -0.734999
v -0.120444 0.092656 -0.745525
v -0.114674 0.117778 -0.773279
v -0.106516 0.15081 -0.812517
v -0.097164 0.192192 -0.857499
v -0.087812 0.242362 -0.902479
v -0.079654 0.301762 -0.941717
v -0.073884 0.37083 -0.969471
v -1.769 0.900004 0.049221
v -1.757386 0.972676 0.049221
v -1.775446 0.900004 1e-006
v -1.722562 1.027288 0.049221
v -1.763728 0.974272 1e-006
v -1.664552 1.06642 0.049221
v -1.72857 1.030082 1e-006
v -1.58338 1.09265 0.049221
v -1.669978 1.070072 1e-006
v -1.479074 1.10856 0.049221
v -1.587946 1.09688 1e-006
v -1.351658 1.11673 0.049221
v -1.482478 1.11314 1e-006
v -1.201156 1.11974 0.049221
v -1.35357 1.121488 1e-006
v -1.027594 1.12017 0.049221
v -1.025446 1.125004 1e-006
v -1.752008 0.900004 0.084377
v -1.740672 0.96847 0.084377
v -1.70672 1.01992 0.084377
v -1.650248 1.056786 0.084377
v -1.571344 1.081498 0.084377
v -1.470102 1.096488 0.084377
v -1.346612 1.104186 0.084377
v -1.200968 1.107022 0.084377
v -1.033258 1.107426 0.084377
v -1.727986 0.900004 0.105471
v -1.717038 0.962522 0.105471
v -1.684324 1.009504 0.105471
v -1.630024 1.043168 0.105471
v -1.554328 1.065734 0.105471
v -1.457418 1.07942 0.105471
v -1.339482 1.08645 0.105471
v -1.200702 1.089038 0.105471
v -1.041266 1.089408 0.105471
v -1.700446 0.900004 0.112501
v -1.689948 0.955706 0.112501
v -1.658648 0.997564 0.112501
v -1.606842 1.027556 0.112501
v -1.534822 1.04766 0.112501
v -1.442878 1.059856 0.112501
v -1.331306 1.066118 0.112501
v -1.200398 1.068424 0.112501
v -1.050446 1.068754 0.112501
v -1.672906 0.900004 0.105471
v -1.662858 0.948888 0.105471
v -1.632974 0.985622 0.105471
v -1.58366 1.011944 0.105471
v -1.515314 1.029588 0.105471
v -1.428338 1.04029 0.105471
v -1.32313 1.045786 0.105471
v -1.200092 1.04781 0.105471
v -1.059626 1.0481 0.105471
v -1.648884 0.900004 0.084377
v -1.639224 0.94294 0.084377
v -1.610578 0.975206 0.084377
v -1.563438 0.998326 0.084377
v -1.498298 1.013822 0.084377
v -1.415652 1.023222 0.084377
v -1.315998 1.02805 0.084377
v -1.199826 1.029828 0.084377
v -1.067634 1.030082 0.084377
v -1.631892 0.900004 0.049221
v -1.62251 0.938734 0.049221
v -1.594736 0.967838 0.049221
v -1.549134 0.988692 0.049221
v -1.486262 1.002672 0.049221
v -1.406682 1.01115 0.049221
v -1.310954 1.015506 0.049221
v -1.199638 1.01711 0.049221
v -1.073298 1.017338 0.049221
v -1.625446 0.900004 1e-006
v -1.616168 0.937138 1e-006
v -1.588728 0.965044 1e-006
v -1.543708 0.985038 1e-006
v -1.481696 0.998442 1e-006
v -1.403278 1.006572 1e-006
v -1.30904 1.010746 1e-006
v -1.199568 1.012284 1e-006
v -1.075446 1.012504 1e-006
v -1.631892 0.900004 -0.049217
v -1.62251 0.938734 -0.049217
v -1.594736 0.967838 -0.049217
v -1.549134 0.988692 -0.049217
v -1.486262 1.002672 -0.049217
v -1.406682 1.01115 -0.049217
v -1.310954 1.015506 -0.049217
v -1.199638 1.01711 -0.049217
v -1.073298 1.017338 -0.049217
v -1.648884 0.900004 -0.084373
v -1.639224 0.94294 -0.084373
v -1.610578 0.975206 -0.084373
v -1.563438 0.998326 -0.084373
v -1.498298 1.013822 -0.084373
v -1.415652 1.023222 -0.084373
v -1.315998 1.02805 -0.084373
v -1.199826 1.029828 -0.084373
v -1.067634 1.030082 -0.084373
v -1.672906 0.900004 -0.105467
v -1.662858 0.948888 -0.105467
v -1.632974 0.985622 -0.105467
v -1.58366 1.011944 -0.105467
v -1.515314 1.029588 -0.105467
v -1.428338 1.04029 -0.105467
v -1.32313 1.045786 -0.105467
v -1.200092 1.04781 -0.105467
v -1.059626 1.0481 -0.105467
v -1.700446 0.900004 -0.112499
v -1.689948 0.955706 -0.112499
v -1.65865 0.997564 -0.112499
v -1.606842 1.027556 -0.112499
v -1.534822 1.04766 -0.112499
v -1.442878 1.059856 -0.112499
v -1.331306 1.066118 -0.112499
v -1.200398 1.068424 -0.112499
v -1.050446 1.068754 -0.112499
v -1.727986 0.900004 -0.105467
v -1.717038 0.962522 -0.105467
v -1.684324 1.009504 -0.105467
v -1.630024 1.043168 -0.105467
v -1.554328 1.065734 -0.105467
v -1.457418 1.07942 -0.105467
v -1.339482 1.08645 -0.105467
v -1.200702 1.089038 -0.105467
v -1.041266 1.089408 -0.105467
v -1.752008 0.900004 -0.084373
v -1.740672 0.96847 -0.084373
v -1.70672 1.01992 -0.084373
v -1.650248 1.056786 -0.084373
v -1.571344 1.081498 -0.084373
v -1.470102 1.096488 -0.084373
v -1.346612 1.104186 -0.084373
v -1.200968 1.107022 -0.084373
v -1.033258 1.107426 -0.084373
v -1.769 0.900004 -0.049217
v -1.757386 0.972676 -0.049217
v -1.722562 1.027288 -0.049217
v -1.664552 1.06642 -0.049217
v -1.58338 1.09265 -0.049217
v -1.479074 1.10856 -0.049217
v -1.351658 1.11673 -0.049217
v -1.201156 1.11974 -0.049217
v -1.027594 1.12017 -0.049217
v -1.201228 1.124566 1e-006
v -1.227594 0.30645 0.049221
v -1.356982 0.37068 0.049221
v -1.225446 0.300004 1e-006
v -1.468126 0.438404 0.049221
v -1.356744 0.365006 1e-006
v -1.561334 0.509298 0.049221
v -1.469586 0.433306 1e-006
v -1.636908 0.58304 0.049221
v -1.564264 0.50468 1e-006
v -1.695158 0.659304 0.049221
v -1.641072 0.57891 1e-006
v -1.736386 0.73777 0.049221
v -1.7003 0.655778 1e-006
v -1.760898 0.81811 0.049221
v -1.742242 0.735062 1e-006
v -1.767194 0.816544 1e-006
v -1.233258 0.323442 0.084377
v -1.357606 0.385634 0.084377
v -1.464276 0.451844 0.084377
v -1.553606 0.521474 0.084377
v -1.625934 0.593926 0.084377
v -1.6816 0.668602 0.084377
v -1.720942 0.744904 0.084377
v -1.744298 0.822238 0.084377
v -1.241266 0.347466 0.105471
v -1.35849 0.406778 0.105471
v -1.458834 0.470848 0.105471
v -1.542682 0.538688 0.105471
v -1.61042 0.609316 0.105471
v -1.662432 0.681746 0.105471
v -1.699108 0.754992 0.105471
v -1.72083 0.828074 0.105471
v -1.250446 0.375004 0.112501
v -1.359504 0.431016 0.112501
v -1.452594 0.492632 0.112501
v -1.530158 0.558422 0.112501
v -1.592634 0.626958 0.112501
v -1.64046 0.696812 0.112501
v -1.674078 0.766558 0.112501
v -1.693928 0.834764 0.112501
v -1.259626 0.402544 0.105471
v -1.360516 0.455254 0.105471
v -1.446356 0.514416 0.105471
v -1.517634 0.578154 0.105471
v -1.574848 0.6446 0.105471
v -1.618488 0.71188 0.105471
v -1.64905 0.778122 0.105471
v -1.667024 0.841454 0.105471
v -1.267634 0.426566 0.084377
v -1.3614 0.476398 0.084377
v -1.440912 0.533418 0.084377
v -1.50671 0.595368 0.084377
v -1.559332 0.65999 0.084377
v -1.599322 0.725024 0.084377
v -1.627216 0.78821 0.084377
v -1.643556 0.84729 0.084377
v -1.273298 0.44356 0.049221
v -1.362026 0.491354 0.049221
v -1.437062 0.54686 0.049221
v -1.498982 0.607544 0.049221
v -1.548358 0.670876 0.049221
v -1.585764 0.73432 0.049221
v -1.611772 0.795344 0.049221
v -1.626958 0.851418 0.049221
v -1.362262 0.497026 1e-006
v -1.435602 0.551958 1e-006
v -1.496052 0.612162 1e-006
v -1.544196 0.675004 1e-006
v -1.580622 0.737846 1e-006
v -1.605914 0.798052 1e-006
v -1.62066 0.852982 1e-006
v -1.273298 0.44356 -0.049217
v -1.362026 0.491354 -0.049217
v -1.437062 0.54686 -0.049217
v -1.498982 0.607544 -0.049217
v -1.548358 0.670876 -0.049217
v -1.585764 0.73432 -0.049217
v -1.611772 0.795344 -0.049217
v -1.626958 0.851418 -0.049217
v -1.267634 0.426566 -0.084373
v -1.3614 0.476398 -0.084373
v -1.440912 0.533418 -0.084373
v -1.50671 0.595368 -0.084373
v -1.559332 0.65999 -0.084373
v -1.599322 0.725024 -0.084373
v -1.627216 0.78821 -0.084373
v -1.643556 0.84729 -0.084373
v -1.259626 0.402544 -0.105467
v -1.360516 0.455254 -0.105467
v -1.446356 0.514416 -0.105467
v -1.517634 0.578154 -0.105467
v -1.574848 0.6446 -0.105467
v -1.618488 0.71188 -0.105467
v -1.64905 0.778122 -0.105467
v -1.667024 0.841454 -0.105467
v -1.250446 0.375004 -0.112499
v -1.359504 0.431016 -0.112499
v -1.452594 0.492632 -0.112499
v -1.530158 0.558422 -0.112499
v -1.592634 0.626958 -0.112499
v -1.64046 0.696812 -0.112499
v -1.674078 0.766558 -0.112499
v -1.693928 0.834764 -0.112499
v -1.241266 0.347466 -0.105467
v -1.35849 0.406778 -0.105467
v -1.458834 0.470848 -0.105467
v -1.542682 0.538688 -0.105467
v -1.61042 0.609316 -0.105467
v -1.662432 0.681746 -0.105467
v -1.699108 0.754992 -0.105467
v -1.72083 0.828074 -0.105467
v -1.233258 0.323442 -0.084373
v -1.357606 0.385634 -0.084373
v -1.464276 0.451844 -0.084373
v -1.553606 0.521474 -0.084373
v -1.625934 0.593926 -0.084373
v -1.6816 0.668602 -0.084373
v -1.720942 0.744904 -0.084373
v -1.744298 0.822238 -0.084373
v -1.227594 0.30645 -0.049217
v -1.356982 0.37068 -0.049217
v -1.468126 0.438404 -0.049217
v -1.561334 0.509298 -0.049217
v -1.636908 0.58304 -0.049217
v -1.695158 0.659304 -0.049217
v -1.736384 0.73777 -0.049217
v -1.760898 0.81811 -0.049217
v 1.361664 1.200004 0.041017
v 1.229998 1.11314 0.043907
v 1.23969 1.112114 1e-006
v 1.150292 0.998868 0.051527
v 1.158148 0.996098 1e-006
v 1.101322 0.867546 0.062301
v 1.108246 0.862504 1e-006
v 1.061858 0.729534 0.074651
v 1.010676 0.595186 0.086999
v 1.068304 0.72188 1e-006
v 0.92655 0.474866 0.097773
v 1.016644 0.58477 1e-006
v 0.788252 0.378926 0.105393
v 0.931586 0.461724 1e-006
v 0.574554 0.31773 0.108283
v 0.791448 0.363286 1e-006
v 1.327678 1.200004 0.070315
v 1.204442 1.115844 0.075269
v 1.129584 1.00617 0.088331
v 1.083068 0.880838 0.106799
v 1.044866 0.749712 0.127971
v 0.994946 0.62265 0.149141
v 0.913274 0.509514 0.167609
v 0.779822 0.420162 0.180671
v 0.574554 0.364458 0.185627
v 1.279632 1.200004 0.087893
v 1.168314 1.119668 0.094085
v 1.100304 1.016492 0.110415
v 1.057262 0.89963 0.133499
v 1.020844 0.77824 0.159963
v 0.972706 0.661476 0.186425
v 0.894506 0.558498 0.209511
v 0.767904 0.478462 0.225839
v 0.574554 0.430522 0.232033
v 1.224554 1.200004 0.093751
v 1.126898 1.124052 0.100359
v 1.066742 1.028324 0.117775
v 1.027678 0.921172 0.142399
v 0.993304 0.810942 0.170627
v 0.94721 0.705986 0.198855
v 0.872992 0.614652 0.223479
v 0.754242 0.545292 0.240895
v 0.574554 0.506254 0.247501
v 1.169476 1.200004 0.087893
v 1.085482 1.128436 0.094085
v 1.033178 1.040158 0.110415
v 0.998096 0.942714 0.133499
v 0.965764 0.843644 0.159963
v 0.921716 0.750494 0.186425
v 0.851476 0.670806 0.209511
v 0.74058 0.612124 0.225839
v 0.574554 0.581986 0.232033
v 1.121428 1.200004 0.070315
v 1.049352 1.13226 0.075269
v 1.0039 1.05048 0.088331
v 0.97229 0.961504 0.106799
v 0.941742 0.872172 0.127971
v 0.899474 0.789322 0.149141
v 0.832708 0.719792 0.167609
v 0.728662 0.670422 0.180671
v 0.574554 0.648052 0.185627
v 1.087444 1.200004 0.041017
v 1.023798 1.134964 0.043907
v 0.98319 1.057782 0.051527
v 0.954036 0.974796 0.062301
v 0.92475 0.89235 0.074651
v 0.883744 0.816784 0.086999
v 0.819434 0.75444 0.097773
v 0.720232 0.711658 0.105393
v 0.574554 0.69478 0.108283
v 1.074554 1.200004 1e-006
v 1.014104 1.13599 1e-006
v 0.975336 1.060552 1e-006
v 0.947112 0.979838 1e-006
v 0.918304 0.900004 1e-006
v 0.877776 0.827202 1e-006
v 0.814398 0.767582 1e-006
v 0.717034 0.7273 1e-006
v 0.574554 0.712504 1e-006
v 1.087444 1.200004 -0.041013
v 1.023798 1.134964 -0.043905
v 0.98319 1.057782 -0.051525
v 0.954036 0.974796 -0.062297
v 0.92475 0.89235 -0.074647
v 0.883744 0.816784 -0.086997
v 0.819434 0.75444 -0.097769
v 0.720232 0.711658 -0.105389
v 0.574554 0.69478 -0.108279
v 1.121428 1.200004 -0.070311
v 1.049352 1.13226 -0.075265
v 1.0039 1.05048 -0.088329
v 0.97229 0.961504 -0.106797
v 0.941742 0.872172 -0.127967
v 0.899474 0.789322 -0.149137
v 0.832708 0.719792 -0.167605
v 0.728662 0.670422 -0.180669
v 0.574554 0.648052 -0.185623
v 1.169476 1.200004 -0.087889
v 1.085482 1.128436 -0.094083
v 1.033178 1.040158 -0.110411
v 0.998096 0.942714 -0.133495
v 0.965764 0.843644 -0.159959
v 0.921716 0.750494 -0.186423
v 0.851476 0.670806 -0.209507
v 0.74058 0.612124 -0.225837
v 0.574554 0.581986 -0.232029
v 1.224554 1.200004 -0.093749
v 1.126898 1.124052 -0.100355
v 1.066742 1.028324 -0.117771
v 1.027678 0.921172 -0.142395
v 0.993304 0.810942 -0.170623
v 0.94721 0.705986 -0.198851
v 0.872992 0.614652 -0.223475
v 0.754242 0.545292 -0.240891
v 0.574554 0.506254 -0.247499
v 1.279632 1.200004 -0.087889
v 1.168314 1.119668 -0.094083
v 1.100304 1.016492 -0.110411
v 1.057262 0.89963 -0.133495
v 1.020844 0.77824 -0.159959
v 0.972706 0.661476 -0.186423
v 0.894506 0.558498 -0.209507
v 0.767904 0.478462 -0.225837
v 0.574554 0.430522 -0.232029
v 1.327678 1.200004 -0.070311
v 1.204442 1.115844 -0.075265
v 1.129584 1.00617 -0.088329
v 1.083068 0.880838 -0.106797
v 1.044866 0.749712 -0.127967
v 0.994946 0.62265 -0.149137
v 0.913274 0.509514 -0.167605
v 0.779822 0.420162 -0.180669
v 0.574554 0.364458 -0.185623
v 1.361664 1.200004 -0.041013
v 1.229998 1.11314 -0.043905
v 1.150292 0.998868 -0.051525
v 1.101322 0.867546 -0.062297
v 1.061858 0.729534 -0.074647
v 1.010676 0.595186 -0.086997
v 0.92655 0.474866 -0.097769
v 0.788252 0.378926 -0.105389
v 0.574554 0.317728 -0.108279
v 1.374554 1.200004 1e-006
v 0.574554 0.300004 1e-006
v 1.31596 1.200004 0.024611
v 1.357392 1.21783 0.025315
v 1.367206 1.218076 1e-006
v 1.389918 1.22993 0.027175
v 1.400922 1.230326 1e-006
v 1.412892 1.236622 0.029803
v 1.424968 1.237084 1e-006
v 1.425658 1.238224 0.032815
v 1.438616 1.238676 1e-006
v 1.42757 1.235046 0.035827
v 1.441132 1.235436 1e-006
v 1.417976 1.227406 0.038453
v 1.43178 1.22769 1e-006
v 1.396224 1.215622 0.040313
v 1.409832 1.21577 1e-006
v 1.293304 1.200004 0.042189
v 1.331518 1.217176 0.043397
v 1.360912 1.228884 0.046583
v 1.38105 1.23541 0.051089
v 1.391498 1.237028 0.056251
v 1.391818 1.23402 0.061415
v 1.38158 1.22666 0.065919
v 1.360344 1.21523 0.069105
v 1.261272 1.200004 0.052737
v 1.29494 1.216252 0.054247
v 1.319904 1.227406 0.058229
v 1.336034 1.233694 0.063859
v 1.3432 1.23534 0.070315
v 1.341274 1.232568 0.076769
v 1.330122 1.225604 0.082399
v 1.309618 1.214674 0.086381
v 1.224554 1.200004 0.056251
v 1.253008 1.215194 0.057863
v 1.272894 1.225712 0.062111
v 1.28443 1.231728 0.068117
v 1.287836 1.233402 0.075001
v 1.28333 1.230904 0.081887
v 1.271136 1.224394 0.087893
v 1.25147 1.21404 0.092141
v 1.187836 1.200004 0.052737
v 1.211076 1.214134 0.054247
v 1.225884 1.224018 0.058229
v 1.232826 1.22976 0.063859
v 1.23247 1.231466 0.070315
v 1.225388 1.22924 0.076769
v 1.21215 1.223184 0.082399
v 1.193322 1.213404 0.086381
v 1.155804 1.200004 0.042189
v 1.174498 1.21321 0.043397
v 1.184876 1.22254 0.046583
v 1.187808 1.228046 0.051089
v 1.184174 1.229778 0.056251
v 1.174844 1.227788 0.061415
v 1.160692 1.222128 0.065919
v 1.142596 1.21285 0.069105
v 1.133148 1.200004 0.024611
v 1.148626 1.212556 0.025315
v 1.155868 1.221494 0.027175
v 1.155968 1.226832 0.029803
v 1.150012 1.228582 0.032815
v 1.139092 1.226762 0.035827
v 1.124296 1.221382 0.038453
v 1.106718 1.212458 0.040313
v 1.124554 1.200004 1e-006
v 1.138812 1.21231 1e-006
v 1.144866 1.221098 1e-006
v 1.14389 1.226372 1e-006
v 1.137054 1.22813 1e-006
v 1.12553 1.226372 1e-006
v 1.110492 1.221098 1e-006
v 1.093108 1.21231 1e-006
v 1.133148 1.200004 -0.024607
v 1.148626 1.212556 -0.025313
v 1.155868 1.221494 -0.027171
v 1.155968 1.226832 -0.029799
v 1.150012 1.228582 -0.032811
v 1.139092 1.226762 -0.035823
v 1.124296 1.221382 -0.038451
v 1.106718 1.212458 -0.040309
v 1.155804 1.200004 -0.042185
v 1.174498 1.21321 -0.043395
v 1.184876 1.22254 -0.046581
v 1.187808 1.228046 -0.051085
v 1.184174 1.229778 -0.056249
v 1.174844 1.227788 -0.061411
v 1.160692 1.222128 -0.065917
v 1.142596 1.21285 -0.069103
v 1.187836 1.200004 -0.052733
v 1.211076 1.214134 -0.054243
v 1.225884 1.224018 -0.058225
v 1.232826 1.22976 -0.063857
v 1.23247 1.231466 -0.070311
v 1.225388 1.22924 -0.076765
v 1.21215 1.223184 -0.082395
v 1.193322 1.213404 -0.086379
v 1.224554 1.200004 -0.056249
v 1.253008 1.215194 -0.057859
v 1.272894 1.225712 -0.062107
v 1.28443 1.231728 -0.068113
v 1.287836 1.233402 -0.074999
v 1.28333 1.230904 -0.081883
v 1.271136 1.224394 -0.087889
v 1.25147 1.21404 -0.092137
v 1.261272 1.200004 -0.052733
v 1.29494 1.216252 -0.054243
v 1.319904 1.227406 -0.058225
v 1.336034 1.233694 -0.063857
v 1.3432 1.23534 -0.070311
v 1.341274 1.232568 -0.076765
v 1.330122 1.225604 -0.082395
v 1.309618 1.214674 -0.086379
v 1.293304 1.200004 -0.042185
v 1.331518 1.217176 -0.043395
v 1.360912 1.228884 -0.046581
v 1.38105 1.23541 -0.051085
v 1.391498 1.237028 -0.056249
v 1.391818 1.23402 -0.061411
v 1.38158 1.22666 -0.065917
v 1.360344 1.21523 -0.069103
v 1.31596 1.200004 -0.024607
v 1.357392 1.21783 -0.025313
v 1.38992 1.22993 -0.027171
v 1.412892 1.236622 -0.029799
v 1.425658 1.238224 -0.032811
v 1.42757 1.235046 -0.035823
v 1.417976 1.227406 -0.038451
v 1.396224 1.215622 -0.040309
v 1.324554 1.200004 1e-006
v -0.25507 1.350004 0.098001
v -0.258442 1.381206 0.081733
v -0.275446 1.350004 0.100001
v -0.255348 1.416802 0.096477
v -0.275446 1.416802 0.098439
v -0.248906 1.454154 0.127297
v -0.275446 1.454154 0.129885
v -0.242228 1.49063 0.159267
v -0.275446 1.49063 0.162501
v -0.23843 1.523588 0.177453
v -0.275446 1.523588 0.181057
v -0.240624 1.550396 0.166925
v -0.251924 1.568412 0.112751
v -0.275446 1.550396 0.170315
v -0.236196 1.350004 0.092251
v -0.242694 1.381206 0.076943
v -0.23675 1.416802 0.090831
v -0.224356 1.454154 0.119855
v -0.211506 1.49063 0.149961
v -0.204196 1.523588 0.167087
v -0.20842 1.550396 0.157175
v -0.230172 1.568412 0.106165
v -0.219196 1.350004 0.083127
v -0.228516 1.381206 0.069337
v -0.220014 1.416802 0.081865
v -0.202272 1.454154 0.108037
v -0.183874 1.49063 0.135179
v -0.17341 1.523588 0.150619
v -0.17946 1.550396 0.141685
v -0.21061 1.568412 0.095703
v -0.204446 1.350004 0.071001
v -0.216218 1.381206 0.059229
v -0.205502 1.416802 0.069945
v -0.18313 1.454154 0.092317
v -0.15993 1.49063 0.115517
v -0.146732 1.523588 0.128715
v -0.154366 1.550396 0.121081
v -0.19366 1.568412 0.081787
v -0.192322 1.350004 0.056251
v -0.20611 1.381206 0.046931
v -0.193582 1.416802 0.055435
v -0.167412 1.454154 0.073177
v -0.140268 1.49063 0.091573
v -0.124828 1.523588 0.102039
v -0.133762 1.550396 0.095987
v -0.179744 1.568412 0.064837
v -0.183196 1.350004 0.039251
v -0.198506 1.381206 0.032753
v -0.184618 1.416802 0.038697
v -0.155592 1.454154 0.051091
v -0.125488 1.49063 0.063941
v -0.108362 1.523588 0.071251
v -0.118274 1.550396 0.067027
v -0.169282 1.568412 0.045275
v -0.177446 1.350004 0.020377
v -0.193714 1.381206 0.017005
v -0.178972 1.416802 0.020099
v -0.14815 1.454154 0.026541
v -0.11618 1.49063 0.033219
v -0.097994 1.523588 0.037017
v -0.108522 1.550396 0.034823
v -0.162696 1.568412 0.023523
v -0.175446 1.350004 1e-006
v -0.192048 1.381206 1e-006
v -0.177008 1.416802 1e-006
v -0.145564 1.454154 1e-006
v -0.112946 1.49063 1e-006
v -0.094392 1.523588 1e-006
v -0.105134 1.550396 1e-006
v -0.160406 1.568412 1e-006
v -0.373446 1.350004 0.020377
v -0.357178 1.381206 0.017005
v -0.358844 1.381206 1e-006
v -0.37192 1.416802 0.020099
v -0.402742 1.454154 0.026541
v -0.373884 1.416802 1e-006
v -0.434712 1.49063 0.033219
v -0.405328 1.454154 1e-006
v -0.452898 1.523588 0.037017
v -0.437946 1.49063 1e-006
v -0.44237 1.550396 0.034823
v -0.445758 1.550396 1e-006
v -0.388196 1.568412 0.023523
v -0.390486 1.568412 1e-006
v -0.367696 1.350004 0.039251
v -0.352386 1.381206 0.032753
v -0.366274 1.416802 0.038697
v -0.3953 1.454154 0.051091
v -0.425404 1.49063 0.063941
v -0.44253 1.523588 0.071251
v -0.432618 1.550396 0.067027
v -0.38161 1.568412 0.045275
v -0.35857 1.350004 0.056251
v -0.344782 1.381206 0.046931
v -0.35731 1.416802 0.055435
v -0.38348 1.454154 0.073177
v -0.410624 1.49063 0.091573
v -0.426064 1.523588 0.102039
v -0.41713 1.550396 0.095987
v -0.371148 1.568412 0.064837
v -0.346446 1.350004 0.071001
v -0.334674 1.381206 0.059229
v -0.34539 1.416802 0.069945
v -0.367762 1.454154 0.092317
v -0.390962 1.49063 0.115517
v -0.40416 1.523588 0.128715
v -0.396526 1.550396 0.121081
v -0.357232 1.568412 0.081787
v -0.331696 1.350004 0.083127
v -0.322376 1.381206 0.069337
v -0.330878 1.416802 0.081865
v -0.34862 1.454154 0.108037
v -0.367018 1.49063 0.135179
v -0.377482 1.523588 0.150619
v -0.371432 1.550396 0.141685
v -0.340282 1.568412 0.095703
v -0.314696 1.350004 0.092251
v -0.308198 1.381206 0.076943
v -0.314142 1.416802 0.090831
v -0.326536 1.454154 0.119855
v -0.339386 1.49063 0.149961
v -0.346696 1.523588 0.167087
v -0.342472 1.550396 0.157175
v -0.32072 1.568412 0.106165
v -0.295822 1.350004 0.098001
v -0.29245 1.381206 0.081733
v -0.295544 1.416802 0.096477
v -0.301986 1.454154 0.127297
v -0.308664 1.49063 0.159267
v -0.312462 1.523588 0.177453
v -0.310268 1.550396 0.166925
v -0.298968 1.568412 0.112751
v -0.275446 1.575004 1e-006
v -0.275446 1.381206 0.083401
v -0.275446 1.568412 0.115041
v -0.295822 1.350004 -0.097999
v -0.29245 1.381206 -0.081731
v -0.275446 1.381206 -0.083397
v -0.295544 1.416802 -0.096473
v -0.301986 1.454154 -0.127295
v -0.275446 1.416802 -0.098435
v -0.308664 1.49063 -0.159263
v -0.275446 1.454154 -0.129881
v -0.312462 1.523588 -0.177449
v -0.275446 1.49063 -0.162499
v -0.310268 1.550396 -0.166921
v -0.275446 1.550396 -0.170311
v -0.298968 1.568412 -0.112749
v -0.275446 1.568412 -0.115037
v -0.314696 1.350004 -0.092249
v -0.308198 1.381206 -0.076939
v -0.314142 1.416802 -0.090827
v -0.326536 1.454154 -0.119853
v -0.339386 1.49063 -0.149957
v -0.346696 1.523588 -0.167083
v -0.342472 1.550396 -0.157171
v -0.32072 1.568412 -0.106163
v -0.331696 1.350004 -0.083123
v -0.322376 1.381206 -0.069335
v -0.330878 1.416802 -0.081861
v -0.34862 1.454154 -0.108033
v -0.367018 1.49063 -0.135175
v -0.377482 1.523588 -0.150615
v -0.371432 1.550396 -0.141681
v -0.340282 1.568412 -0.095701
v -0.346446 1.350004 -0.070999
v -0.334674 1.381206 -0.059227
v -0.34539 1.416802 -0.069941
v -0.367762 1.454154 -0.092315
v -0.390962 1.49063 -0.115513
v -0.40416 1.523588 -0.128713
v -0.396526 1.550396 -0.121079
v -0.357232 1.568412 -0.081783
v -0.35857 1.350004 -0.056249
v -0.344782 1.381206 -0.046929
v -0.35731 1.416802 -0.055431
v -0.38348 1.454154 -0.073173
v -0.410624 1.49063 -0.091569
v -0.426064 1.523588 -0.102035
v -0.41713 1.550396 -0.095985
v -0.371148 1.568412 -0.064835
v -0.367696 1.350004 -0.039249
v -0.352386 1.381206 -0.032749
v -0.366274 1.416802 -0.038695
v -0.3953 1.454154 -0.051089
v -0.425404 1.49063 -0.063937
v -0.44253 1.523588 -0.071247
v -0.432618 1.550396 -0.067025
v -0.38161 1.568412 -0.045273
v -0.373446 1.350004 -0.020373
v -0.357178 1.381206 -0.017003
v -0.37192 1.416802 -0.020095
v -0.402742 1.454154 -0.026537
v -0.434712 1.49063 -0.033215
v -0.452898 1.523588 -0.037015
v -0.44237 1.550396 -0.034821
v -0.388196 1.568412 -0.023521
v -0.375446 1.350004 1e-006
v -0.4565 1.523588 1e-006
v -0.177446 1.350004 -0.020373
v -0.193714 1.381206 -0.017003
v -0.178972 1.416802 -0.020095
v -0.14815 1.454154 -0.026537
v -0.11618 1.49063 -0.033215
v -0.097994 1.523588 -0.037015
v -0.108522 1.550396 -0.034821
v -0.162696 1.568412 -0.023521
v -0.183196 1.350004 -0.039249
v -0.198506 1.381206 -0.032749
v -0.184618 1.416802 -0.038695
v -0.155592 1.454154 -0.051089
v -0.125488 1.49063 -0.063937
v -0.108362 1.523588 -0.071247
v -0.118274 1.550396 -0.067025
v -0.169282 1.568412 -0.045273
v -0.192322 1.350004 -0.056249
v -0.20611 1.381206 -0.046929
v -0.193582 1.416802 -0.055431
v -0.167412 1.454154 -0.073173
v -0.140268 1.49063 -0.091569
v -0.124828 1.523588 -0.102035
v -0.133762 1.550396 -0.095985
v -0.179744 1.568412 -0.064835
v -0.204446 1.350004 -0.070999
v -0.216218 1.381206 -0.059227
v -0.205502 1.416802 -0.069941
v -0.18313 1.454154 -0.092315
v -0.15993 1.49063 -0.115513
v -0.146732 1.523588 -0.128713
v -0.154366 1.550396 -0.121079
v -0.19366 1.568412 -0.081783
v -0.219196 1.350004 -0.083123
v -0.228516 1.381206 -0.069335
v -0.220014 1.416802 -0.081861
v -0.202272 1.454154 -0.108033
v -0.183874 1.49063 -0.135175
v -0.17341 1.523588 -0.150615
v -0.17946 1.550396 -0.141681
v -0.21061 1.568412 -0.095701
v -0.236196 1.350004 -0.092249
v -0.242694 1.381206 -0.076939
v -0.23675 1.416802 -0.090827
v -0.224356 1.454154 -0.119853
v -0.211506 1.49063 -0.149957
v -0.204196 1.523588 -0.167083
v -0.20842 1.550396 -0.157171
v -0.230172 1.568412 -0.106163
v -0.25507 1.350004 -0.097999
v -0.258442 1.381206 -0.081731
v -0.255348 1.416802 -0.096473
v -0.248906 1.454154 -0.127295
v -0.242228 1.49063 -0.159263
v -0.23843 1.523588 -0.177449
v -0.240624 1.550396 -0.166921
v -0.251924 1.568412 -0.112749
v -0.275446 1.350004 -0.099999
v -0.275446 1.523588 -0.181053
v -0.143008 1.200004 0.637001
v -0.146988 1.224906 0.617861
v -0.275446 1.200004 0.650001
v -0.157654 1.244536 0.566565
v -0.275446 1.224906 0.630471
v -0.173094 1.26065 0.492299
v -0.275446 1.244536 0.578127
v -0.1914 1.275004 0.404251
v -0.275446 1.26065 0.502345
v -0.21066 1.28936 0.311611
v -0.275446 1.275004 0.412501
v -0.228966 1.305474 0.223565
v -0.275446 1.28936 0.317971
v -0.244406 1.325102 0.149299
v -0.275446 1.305474 0.228127
v -0.275446 1.325102 0.152345
v -0.020322 1.200004 0.599627
v -0.027988 1.224906 0.581609
v -0.048532 1.244536 0.533321
v -0.078276 1.26065 0.463413
v -0.11354 1.275004 0.380533
v -0.150644 1.28936 0.293327
v -0.185906 1.305474 0.210447
v -0.215652 1.325102 0.140539
v 0.09018 1.200004 0.540315
v 0.079192 1.224906 0.524079
v 0.04975 1.244536 0.480569
v 0.007122 1.26065 0.417575
v -0.043414 1.275004 0.342893
v -0.096588 1.28936 0.264313
v -0.147126 1.305474 0.189631
v -0.189752 1.325102 0.126637
v 0.186054 1.200004 0.461501
v 0.172186 1.224906 0.447635
v 0.135022 1.244536 0.410471
v 0.081218 1.260648 0.356665
v 0.017428 1.275004 0.292877
v -0.049688 1.28936 0.225759
v -0.113478 1.305474 0.161971
v -0.167282 1.325102 0.108165
v 0.264866 1.200004 0.365627
v 0.248632 1.224906 0.354641
v 0.20512 1.244536 0.325197
v 0.142128 1.26065 0.282569
v 0.067444 1.275004 0.232033
v -0.011134 1.28936 0.178859
v -0.085818 1.305474 0.128321
v -0.14881 1.325102 0.085695
v 0.324178 1.200004 0.255127
v 0.306162 1.224906 0.247461
v 0.257874 1.244536 0.226915
v 0.187966 1.26065 0.197171
v 0.105086 1.275004 0.161907
v 0.01788 1.28936 0.124805
v -0.065 1.305474 0.089541
v -0.134908 1.325102 0.059797
v 0.361554 1.200004 0.132439
v 0.342414 1.224906 0.128459
v 0.291116 1.244536 0.117795
v 0.21685 1.26065 0.102355
v 0.128804 1.275004 0.084049
v 0.036164 1.28936 0.064787
v -0.051884 1.305474 0.046483
v -0.12615 1.325102 0.031041
v 0.374554 1.200004 1e-006
v 0.355022 1.224906 1e-006
v 0.30268 1.244536 1e-006
v 0.226898 1.26065 1e-006
v 0.137054 1.275004 1e-006
v 0.042522 1.28936 1e-006
v -0.04732 1.305474 1e-006
v -0.123102 1.325102 1e-006
v -0.912446 1.200004 0.132439
v -0.893306 1.224906 0.128459
v -0.905914 1.224906 1e-006
v -0.842008 1.244536 0.117795
v -0.85357 1.244536 1e-006
v -0.767742 1.26065 0.102355
v -0.77779 1.26065 1e-006
v -0.679696 1.275004 0.084049
v -0.687946 1.275004 1e-006
v -0.587056 1.28936 0.064787
v -0.593414 1.28936 1e-006
v -0.499008 1.305474 0.046483
v -0.503572 1.305474 1e-006
v -0.424742 1.325102 0.031041
v -0.42779 1.325102 1e-006
v -0.87507 1.200004 0.255127
v -0.857054 1.224906 0.247461
v -0.808766 1.244536 0.226915
v -0.738858 1.26065 0.197171
v -0.655978 1.275004 0.161907
v -0.568772 1.28936 0.124805
v -0.485892 1.305474 0.089541
v -0.415984 1.325102 0.059797
v -0.815758 1.200004 0.365627
v -0.799524 1.224906 0.354641
v -0.756012 1.244536 0.325197
v -0.69302 1.26065 0.282571
v -0.618336 1.275004 0.232033
v -0.539758 1.28936 0.178859
v -0.465074 1.305474 0.128321
v -0.402082 1.325102 0.085695
v -0.736946 1.200004 0.461501
v -0.723078 1.224906 0.447635
v -0.685914 1.244536 0.410471
v -0.63211 1.260648 0.356665
v -0.56832 1.275004 0.292877
v -0.501204 1.28936 0.225759
v -0.437414 1.305474 0.161971
v -0.38361 1.325102 0.108165
v -0.64107 1.200004 0.540315
v -0.630084 1.224906 0.524079
v -0.600642 1.244536 0.480569
v -0.558014 1.26065 0.417575
v -0.507478 1.275004 0.342893
v -0.454304 1.28936 0.264313
v -0.403766 1.305474 0.189631
v -0.36114 1.325102 0.126637
v -0.53057 1.200004 0.599627
v -0.522904 1.224906 0.581609
v -0.50236 1.244536 0.533321
v -0.472616 1.26065 0.463413
v -0.437352 1.275004 0.380533
v -0.400248 1.28936 0.293327
v -0.364986 1.305474 0.210447
v -0.33524 1.325102 0.140539
v -0.407884 1.200004 0.637001
v -0.403904 1.224906 0.617861
v -0.393238 1.244536 0.566565
v -0.377798 1.26065 0.492299
v -0.359492 1.275004 0.404251
v -0.340232 1.28936 0.311611
v -0.321926 1.305474 0.223565
v -0.306486 1.325102 0.149299
v -0.407884 1.200004 -0.636999
v -0.403904 1.224906 -0.617857
v -0.275446 1.224906 -0.630467
v -0.393238 1.244536 -0.566561
v -0.275446 1.244536 -0.578123
v -0.377798 1.26065 -0.492295
v -0.275446 1.26065 -0.502343
v -0.359492 1.275004 -0.404249
v -0.275446 1.275004 -0.412499
v -0.340232 1.28936 -0.311607
v -0.275446 1.28936 -0.317967
v -0.321926 1.305474 -0.223561
v -0.275446 1.305474 -0.228123
v -0.306486 1.325102 -0.149295
v -0.275446 1.325102 -0.152343
v -0.53057 1.200004 -0.599623
v -0.522904 1.224906 -0.581605
v -0.50236 1.244536 -0.533319
v -0.472616 1.26065 -0.463411
v -0.437352 1.275004 -0.380529
v -0.400248 1.28936 -0.293325
v -0.364986 1.305474 -0.210443
v -0.33524 1.325102 -0.140535
v -0.641072 1.200004 -0.540311
v -0.630084 1.224906 -0.524075
v -0.600642 1.244536 -0.480565
v -0.558014 1.26065 -0.417571
v -0.507478 1.275004 -0.342889
v -0.454304 1.28936 -0.264309
v -0.403766 1.305474 -0.189627
v -0.36114 1.325102 -0.126635
v -0.736946 1.200004 -0.461499
v -0.723078 1.224906 -0.447631
v -0.685914 1.244536 -0.410467
v -0.63211 1.260648 -0.356663
v -0.56832 1.275004 -0.292873
v -0.501204 1.28936 -0.225757
v -0.437414 1.305474 -0.161967
v -0.38361 1.325102 -0.108163
v -0.815758 1.200004 -0.365623
v -0.799524 1.224906 -0.354637
v -0.756012 1.244536 -0.325193
v -0.69302 1.26065 -0.282567
v -0.618336 1.275004 -0.232029
v -0.539758 1.28936 -0.178855
v -0.465074 1.305474 -0.128319
v -0.402082 1.325102 -0.085691
v -0.87507 1.200004 -0.255123
v -0.857054 1.224906 -0.247457
v -0.808766 1.244536 -0.226913
v -0.738858 1.26065 -0.197169
v -0.655978 1.275004 -0.161905
v -0.568772 1.28936 -0.124801
v -0.485892 1.305474 -0.089537
v -0.415984 1.325102 -0.059793
v -0.912446 1.200004 -0.132435
v -0.893306 1.224906 -0.128457
v -0.842008 1.244536 -0.117791
v -0.767742 1.26065 -0.102351
v -0.679696 1.275004 -0.084045
v -0.587056 1.28936 -0.064785
v -0.499008 1.305474 -0.046479
v -0.424742 1.325102 -0.031039
v -0.925446 1.200004 1e-006
v 0.361554 1.200004 -0.132435
v 0.342414 1.224906 -0.128457
v 0.291116 1.244536 -0.117791
v 0.21685 1.26065 -0.102351
v 0.128804 1.275004 -0.084045
v 0.036164 1.28936 -0.064785
v -0.051884 1.305474 -0.046479
v -0.12615 1.325102 -0.031039
v 0.324178 1.200004 -0.255123
v 0.306162 1.224906 -0.247457
v 0.257874 1.244536 -0.226913
v 0.187966 1.26065 -0.197169
v 0.105086 1.275004 -0.161905
v 0.01788 1.28936 -0.124801
v -0.065 1.305474 -0.089537
v -0.134908 1.325102 -0.059793
v 0.264866 1.200004 -0.365623
v 0.248632 1.224906 -0.354637
v 0.20512 1.244536 -0.325193
v 0.142128 1.26065 -0.282567
v 0.067444 1.275004 -0.232029
v -0.011134 1.28936 -0.178855
v -0.085818 1.305474 -0.128319
v -0.14881 1.325102 -0.085691
v 0.186054 1.200004 -0.461499
v 0.172186 1.224906 -0.447631
v 0.135022 1.244536 -0.410467
v 0.081218 1.260648 -0.356663
v 0.017428 1.275004 -0.292873
v -0.049688 1.28936 -0.225757
v -0.113478 1.305474 -0.161967
v -0.167282 1.325102 -0.108163
v 0.090178 1.200004 -0.540311
v 0.079192 1.224906 -0.524075
v 0.04975 1.244536 -0.480565
v 0.007122 1.26065 -0.417571
v -0.043414 1.275004 -0.342889
v -0.096588 1.28936 -0.264309
v -0.147126 1.305474 -0.189627
v -0.189752 1.325102 -0.126635
v -0.020322 1.200004 -0.599623
v -0.027988 1.224906 -0.581605
v -0.048532 1.244536 -0.533319
v -0.078276 1.26065 -0.463411
v -0.11354 1.275004 -0.380529
v -0.150644 1.28936 -0.293325
v -0.185906 1.305474 -0.210443
v -0.215652 1.325102 -0.140535
v -0.143008 1.200004 -0.636999
v -0.146988 1.224906 -0.617857
v -0.157654 1.244536 -0.566561
v -0.173094 1.26065 -0.492295
v -0.1914 1.275004 -0.404249
v -0.21066 1.28936 -0.311607
v -0.228966 1.305474 -0.223561
v -0.244406 1.325102 -0.149295
v -0.275446 1.200004 -0.649999
v -0.123246 0.061016 -0.732055
v -0.126096 0.047466 -0.718347
v -0.275446 0.061016 -0.746995
v -0.132706 0.034794 -0.686549
v -0.275446 0.047466 -0.733007
v -0.1446 0.023442 -0.629343
v -0.275446 0.034794 -0.700559
v -0.163298 0.013848 -0.539405
v -0.275446 0.023442 -0.642185
v -0.190324 0.00645 -0.409417
v -0.275446 0.013848 -0.550413
v -0.2272 0.001688 -0.232055
v -0.275446 0.00645 -0.417771
v 0.01775 0.061016 -0.689103
v 0.01226 0.047466 -0.676199
v -0.000476 0.034794 -0.646267
v -0.023388 0.023442 -0.592417
v -0.059408 0.013848 -0.507757
v -0.11147 0.00645 -0.385395
v -0.182506 0.001688 -0.218439
v 0.14474 0.061016 -0.620939
v 0.13687 0.047466 -0.609311
v 0.11862 0.034794 -0.582341
v 0.085784 0.023442 -0.533817
v 0.034162 0.013848 -0.457531
v -0.040448 0.00645 -0.347273
v -0.14225 0.001688 -0.196831
v 0.254922 0.061016 -0.530367
v 0.24499 0.047466 -0.520433
v 0.221952 0.034794 -0.497397
v 0.180508 0.023442 -0.455951
v 0.115348 0.013848 -0.390793
v 0.021174 0.00645 -0.296617
v -0.107324 0.001688 -0.168121
v 0.345496 0.061016 -0.420185
v 0.333866 0.047466 -0.412315
v 0.306896 0.034794 -0.394065
v 0.258372 0.023442 -0.361229
v 0.182086 0.013848 -0.309607
v 0.071828 0.00645 -0.234995
v -0.078612 0.001688 -0.133193
v 0.413658 0.061016 -0.293195
v 0.400754 0.047466 -0.287703
v 0.370822 0.034794 -0.274969
v 0.316972 0.023442 -0.252057
v 0.232312 0.013848 -0.216037
v 0.10995 0.00645 -0.163975
v -0.057006 0.001688 -0.092939
v 0.456612 0.061016 -0.152199
v 0.442902 0.047466 -0.149349
v 0.411104 0.034794 -0.142737
v 0.353898 0.023442 -0.130845
v 0.26396 0.013848 -0.112145
v 0.133972 0.00645 -0.085119
v -0.04339 0.001688 -0.048245
v 0.471552 0.061016 1e-006
v 0.457562 0.047466 1e-006
v 0.425116 0.034794 1e-006
v 0.366742 0.023442 1e-006
v 0.27497 0.013848 1e-006
v 0.142328 0.00645 1e-006
v -0.038654 0.001688 1e-006
v -1.007504 0.061016 -0.152199
v -1.022444 0.061016 1e-006
v -0.993794 0.047466 -0.149349
v -1.008454 0.047466 1e-006
v -0.961996 0.034794 -0.142737
v -0.976008 0.034794 1e-006
v -0.90479 0.023442 -0.130845
v -0.917634 0.023442 1e-006
v -0.814852 0.013848 -0.112145
v -0.825862 0.013848 1e-006
v -0.684864 0.00645 -0.085119
v -0.69322 0.00645 1e-006
v -0.507502 0.001688 -0.048245
v -0.512238 0.001688 1e-006
v -0.96455 0.061016 -0.293195
v -0.951646 0.047466 -0.287703
v -0.921714 0.034794 -0.274969
v -0.867864 0.023442 -0.252057
v -0.783204 0.013848 -0.216037
v -0.660842 0.00645 -0.163975
v -0.493886 0.001688 -0.092939
v -0.896388 0.061016 -0.420185
v -0.884758 0.047466 -0.412315
v -0.857788 0.034794 -0.394065
v -0.809264 0.023442 -0.361229
v -0.732978 0.013848 -0.309607
v -0.62272 0.00645 -0.234995
v -0.47228 0.001688 -0.133193
v -0.805814 0.061016 -0.530367
v -0.795882 0.047466 -0.520433
v -0.772844 0.034794 -0.497397
v -0.7314 0.023442 -0.455951
v -0.66624 0.013848 -0.390793
v -0.572066 0.00645 -0.296617
v -0.443568 0.001688 -0.168121
v -0.695632 0.061016 -0.620939
v -0.687762 0.047466 -0.609311
v -0.669512 0.034794 -0.582341
v -0.636676 0.023442 -0.533817
v -0.585054 0.013848 -0.457531
v -0.510444 0.00645 -0.347273
v -0.408642 0.001688 -0.196831
v -0.568642 0.061016 -0.689103
v -0.563152 0.047466 -0.676199
v -0.550416 0.034794 -0.646267
v -0.527504 0.023442 -0.592417
v -0.491484 0.013848 -0.507757
v -0.439422 0.00645 -0.385395
v -0.368386 0.001688 -0.218439
v -0.427646 0.061016 -0.732055
v -0.424796 0.047466 -0.718347
v -0.418186 0.034794 -0.686549
v -0.406292 0.023442 -0.629343
v -0.387594 0.013848 -0.539405
v -0.360568 0.00645 -0.409417
v -0.323692 0.001688 -0.232055
v -0.275446 0.001688 -0.236791
v -0.427646 0.061016 0.732059
v -0.275446 0.061016 0.746999
v -0.424796 0.047466 0.718349
v -0.275446 0.047466 0.733009
v -0.418186 0.034794 0.686551
v -0.275446 0.034794 0.700563
v -0.406292 0.023442 0.629345
v -0.275446 0.023442 0.642189
v -0.387594 0.013848 0.539409
v -0.275446 0.013848 0.550417
v -0.360568 0.00645 0.409419
v -0.275446 0.00645 0.417775
v -0.323692 0.001688 0.232057
v -0.275446 0.001688 0.236793
v -0.568642 0.061016 0.689107
v -0.563152 0.047466 0.676201
v -0.550416 0.034794 0.646269
v -0.527504 0.023442 0.592419
v -0.491484 0.013848 0.507759
v -0.439422 0.00645 0.385397
v -0.368386 0.001688 0.218443
v -0.695632 0.061016 0.620943
v -0.687762 0.047466 0.609315
v -0.669512 0.034794 0.582343
v -0.636676 0.023442 0.533819
v -0.585054 0.013848 0.457535
v -0.510444 0.00645 0.347275
v -0.408642 0.001688 0.196835
v -0.805814 0.061016 0.530369
v -0.795882 0.047466 0.520437
v -0.772844 0.034794 0.497401
v -0.7314 0.023442 0.455955
v -0.66624 0.013848 0.390797
v -0.572066 0.00645 0.296621
v -0.443568 0.001688 0.168123
v -0.896388 0.061016 0.420187
v -0.884758 0.047466 0.412319
v -0.857788 0.034794 0.394067
v -0.809264 0.023442 0.361233
v -0.732978 0.013848 0.309611
v -0.62272 0.00645 0.234999
v -0.47228 0.001688 0.133197
v -0.96455 0.061016 0.293197
v -0.951646 0.047466 0.287707
v -0.921714 0.034794 0.274973
v -0.867864 0.023442 0.252061
v -0.783204 0.013848 0.216039
v -0.660842 0.00645 0.163977
v -0.493886 0.001688 0.092943
v -1.007504 0.061016 0.152203
v -0.993794 0.047466 0.149351
v -0.961996 0.034794 0.142741
v -0.90479 0.023442 0.130847
v -0.814852 0.013848 0.112149
v -0.684864 0.00645 0.085123
v -0.507502 0.001688 0.048249
v 0.456612 0.061016 0.152203
v 0.442902 0.047466 0.149351
v 0.411104 0.034794 0.142741
v 0.353898 0.023442 0.130847
v 0.26396 0.013848 0.112149
v 0.133972 0.00645 0.085123
v -0.04339 0.001688 0.048249
v 0.413658 0.061016 0.293197
v 0.400754 0.047466 0.287707
v 0.370822 0.034794 0.274973
v 0.316972 0.023442 0.252061
v 0.232312 0.013848 0.216039
v 0.10995 0.00645 0.163977
v -0.057006 0.001688 0.092943
v 0.345496 0.061016 0.420187
v 0.333866 0.047466 0.412319
v 0.306896 0.034794 0.394067
v 0.258372 0.023442 0.361233
v 0.182086 0.013848 0.309611
v 0.071828 0.00645 0.234999
v -0.078612 0.001688 0.133197
v 0.254922 0.061016 0.530369
v 0.24499 0.047466 0.520437
v 0.221952 0.034794 0.497401
v 0.180508 0.023442 0.455955
v 0.115348 0.013848 0.390797
v 0.021174 0.00645 0.296621
v -0.107324 0.001688 0.168123
v 0.14474 0.061016 0.620943
v 0.13687 0.047466 0.609315
v 0.11862 0.034794 0.582343
v 0.085784 0.023442 0.533819
v 0.034162 0.013848 0.457535
v -0.040448 0.00645 0.347275
v -0.14225 0.001688 0.196835
v 0.01775 0.061016 0.689107
v 0.01226 0.047466 0.676201
v -0.000476 0.034794 0.646269
v -0.023388 0.023442 0.592419
v -0.059408 0.013848 0.507759
v -0.11147 0.00645 0.385397
v -0.182506 0.001688 0.218443
v -0.123246 0.061016 0.732059
v -0.126096 0.047466 0.718349
v -0.132706 0.034794 0.686551
v -0.1446 0.023442 0.629345
v -0.163298 0.013848 0.539409
v -0.190324 0.00645 0.409419
v -0.2272 0.001688 0.232057
v -0.275446 4e-006 1e-006
